0.7887
0.8311
0.8475
0.8359
0.8551
0.8582
0.8657
0.8703
0.874
0.873
0.8758
0.8733
0.8789
0.8798
0.8868
0.8875
0.8882
0.8767
0.8933
0.8904
0.8832
0.8896
0.898
0.8967
0.8951
0.8955
0.8952
0.9008
0.8902
0.8906
0.9003
0.9019
0.9017
0.9042
0.8993
0.8993
0.8995
0.902
0.9043
0.9059
0.9028
0.8966
0.9064
0.9027
0.9086
0.9062
0.9036
0.9058
0.9041
0.9091
0.9014
0.9062
0.9053
0.9057
0.9071
0.9089
0.9069
0.908
0.9106
0.9083
0.9087
0.9065
0.9098
0.9046
0.9074
0.9031
0.9103
0.9079
0.9067
0.9111
0.908
0.9088
0.9066
0.9091
0.9122
0.9052
0.9145
0.9094
0.9127
0.9123
0.9118
0.9085
0.9105
0.9117
0.9145
0.9102
0.9086
0.9097
0.9111
0.9108
0.9152
0.917
0.91
0.912
0.9032
0.9023
0.9103
0.9124
0.9131
0.9087
0.9129
0.9136
0.9096
0.9125
0.9095
0.9077
0.9096
0.909
0.9117
0.9161
0.9107
0.9136
0.9132
0.911
0.9155
0.9084
0.9166
0.9079
0.9071
0.9106
0.913
0.9151
0.9119
0.9097
0.9085
0.9075
0.9082
0.9121
0.9127
0.9138
0.9137
0.9112
0.9092
0.9139
0.912
0.9088
0.9111
0.9134
0.9116
0.9129
0.9181
0.9114
0.9134
0.9143
0.9133
0.9157
0.9145
0.9121
0.9125
0.9122
